1	2.371
2	2.371
3	2.371
4	2.371
5	2.371
6	2.371
7	2.371
8	2.371
9	2.371
10	2.371
11	2.371
12	2.368
13	2.368
14	2.368
15	2.368
16	2.368
17	2.368
18	2.368
19	2.368
20	2.368
21	2.368
22	2.368
23	2.366
24	2.366
25	2.366
26	2.366
27	2.366
28	2.366
29	2.366
30	2.366
31	2.366
32	2.366
33	2.366
34	2.363
35	2.363
36	2.363
37	2.363
38	2.363
39	2.363
40	2.363
41	2.363
42	2.363
43	2.363
44	2.363
45	2.360
46	2.360
47	2.360
48	2.360
49	2.360
50	2.360
51	2.360
52	2.360
53	2.360
54	2.360
55	2.360
56	2.357
57	2.357
58	2.357
59	2.357
60	2.357
61	2.357
62	2.357
63	2.357
64	2.357
65	2.357
66	2.357
67	2.354
68	2.354
69	2.354
70	2.352
71	2.352
72	2.352
73	2.352
74	2.352
75	2.352
76	2.352
77	2.349
78	2.349
79	2.346
80	2.346
81	2.345
82	2.344
83	2.344
84	2.344
85	2.344
86	2.344
87	2.344
88	2.344
89	2.344
90	2.344
91	2.344
92	2.182
93	2.182
94	2.182
95	2.182
96	2.182
97	2.183
98	2.183
99	2.183
100	2.183
101	2.183
102	2.183
103	2.178
104	2.178
105	2.178
106	2.178
107	2.178
108	2.178
109	2.178
110	2.178
111	2.178
112	2.178
113	2.178
114	2.175
115	2.175
116	2.175
117	2.175
118	2.174
119	2.174
120	2.174
121	2.174
122	2.174
123	2.174
124	2.174
125	2.172
126	2.172
127	2.172
128	2.172
129	2.172
130	2.172
131	2.172
132	2.172
133	2.171
134	2.171
135	2.171
136	2.168
137	2.168
138	2.168
139	2.168
140	2.168
141	2.168
142	2.168
143	2.168
144	2.168
145	2.168
146	2.168
147	2.164
148	2.164
149	2.164
150	2.164
151	2.164
152	2.164
153	2.164
154	2.164
155	2.164
156	2.164
157	2.164
158	2.159
159	2.159
160	2.159
161	2.159
162	2.159
163	2.159
164	2.159
165	2.159
166	2.159
167	2.159
168	2.159
169	2.154
170	2.155
171	2.155
172	2.155
173	2.155
174	2.155
175	2.155
176	2.155
177	2.155
178	2.155
179	2.155
180	2.153
181	2.153
182	2.153
183	2.153
184	2.153
185	2.153
186	2.153
187	2.153
188	2.153
189	2.153
190	2.153
191	2.153
192	2.153
193	2.153
194	2.153
195	2.153
196	2.153
197	2.153
198	2.153
199	2.152
200	2.152
201	2.153
202	2.154
203	2.155
204	2.154
205	2.154
206	2.154
207	2.154
208	2.154
209	2.154
210	2.154
211	2.154
212	2.153
213	1.985
214	1.986
215	1.986
216	1.986
217	1.986
218	1.986
219	1.986
220	1.987
221	1.987
222	1.987
223	1.986
224	1.979
225	1.979
226	1.979
227	1.979
228	1.979
229	1.979
230	1.979
231	1.979
232	1.980
233	1.980
234	1.980
235	1.978
236	1.978
237	1.978
238	1.978
239	1.978
240	1.978
241	1.978
242	1.978
243	1.978
244	1.978
245	1.978
246	1.979
247	1.978
248	1.978
249	1.978
250	1.978
251	1.978
252	1.978
253	1.978
254	1.978
255	1.978
256	1.978
257	1.977
258	1.977
259	1.977
260	1.976
261	1.976
262	1.976
263	1.976
264	1.976
265	1.976
266	1.976
267	1.976
268	1.971
269	1.971
270	1.971
271	1.971
272	1.971
273	1.971
274	1.971
275	1.971
276	1.971
277	1.971
278	1.971
279	1.964
280	1.964
281	1.964
282	1.964
283	1.964
284	1.964
285	1.964
286	1.964
287	1.964
288	1.964
289	1.964
290	1.957
291	1.957
292	1.957
293	1.957
294	1.957
295	1.957
296	1.957
297	1.957
298	1.957
299	1.957
300	1.958
301	1.953
302	1.953
303	1.953
304	1.953
305	1.953
306	1.953
307	1.953
308	1.953
309	1.953
310	1.953
311	1.953
312	1.950
313	1.950
314	1.950
315	1.950
316	1.950
317	1.950
318	1.950
319	1.950
320	1.950
321	1.950
322	1.950
323	1.947
324	1.947
325	1.947
326	1.947
327	1.947
328	1.946
329	1.946
330	1.946
331	1.946
332	1.946
333	1.946
334	1.498
335	1.499
336	1.499
337	1.499
338	1.499
339	1.499
340	1.499
341	1.499
342	1.499
343	1.499
344	1.499
345	1.480
346	1.480
347	1.480
348	1.480
349	1.480
350	1.480
351	1.480
352	1.480
353	1.480
354	1.480
355	1.480
356	1.465
357	1.465
358	1.465
359	1.465
360	1.465
361	1.465
362	1.465
363	1.465
364	1.465
365	1.465
366	1.465
367	1.453
368	1.453
369	1.453
370	1.453
371	1.453
372	1.453
373	1.453
374	1.453
375	1.453
376	1.453
377	1.453
378	1.443
379	1.443
380	1.443
381	1.443
382	1.443
383	1.443
384	1.443
385	1.443
386	1.443
387	1.443
388	1.443
389	1.433
390	1.433
391	1.433
392	1.433
393	1.433
394	1.433
395	1.433
396	1.433
397	1.433
398	1.433
399	1.433
400	1.420
401	1.420
402	1.420
403	1.420
404	1.420
405	1.420
406	1.420
407	1.420
408	1.420
409	1.420
410	1.420
411	1.404
412	1.404
413	1.404
414	1.404
415	1.404
416	1.404
417	1.404
418	1.404
419	1.404
420	1.404
421	1.404
422	1.386
423	1.386
424	1.386
425	1.386
426	1.386
427	1.386
428	1.386
429	1.386
430	1.386
431	1.386
432	1.386
433	1.368
434	1.368
435	1.368
436	1.368
437	1.368
438	1.368
439	1.368
440	1.368
441	1.368
442	1.368
443	1.368
444	1.350
445	1.350
446	1.350
447	1.350
448	1.350
449	1.350
450	1.350
451	1.350
452	1.350
453	1.350
454	1.350
455	2.356
456	2.353
457	2.348
458	2.347
459	2.346
460	2.346
461	2.347
462	2.347
463	2.345
464	2.347
465	2.345
466	2.347
467	2.345
468	2.347
469	2.345
470	2.345
471	2.346
472	2.346
473	2.347
474	2.346
475	2.346
476	2.348
477	2.350
478	2.348
479	2.349
480	2.350
481	2.349
482	2.351
483	2.349
484	2.349
485	2.350
486	2.348
487	2.349
488	2.350
489	2.349
490	2.350
491	2.349
492	2.350
493	2.348
494	2.347
495	2.351
496	2.352
497	2.352
498	2.350
499	2.350
500	2.348
501	2.350
502	2.350
503	2.352
504	2.352
505	2.353
506	2.354
507	2.355
508	2.353
509	2.355
510	2.354
511	2.355
512	2.353
513	2.355
514	2.356
515	2.354
516	2.353
517	2.355
518	2.356
519	2.354
