1	0.211
2	0.211
3	0.211
4	0.211
5	0.211
6	0.211
7	0.211
8	0.211
9	0.211
10	0.211
11	0.211
12	0.211
13	0.211
14	0.211
15	0.211
16	0.211
17	0.211
18	0.211
19	0.211
20	0.211
21	0.211
22	0.211
23	0.212
24	0.212
25	0.212
26	0.212
27	0.212
28	0.212
29	0.212
30	0.212
31	0.212
32	0.212
33	0.212
34	0.212
35	0.212
36	0.212
37	0.212
38	0.212
39	0.212
40	0.212
41	0.212
42	0.212
43	0.212
44	0.212
45	0.212
46	0.212
47	0.212
48	0.212
49	0.212
50	0.212
51	0.212
52	0.212
53	0.212
54	0.212
55	0.212
56	0.212
57	0.212
58	0.212
59	0.212
60	0.212
61	0.212
62	0.212
63	0.212
64	0.212
65	0.212
66	0.212
67	0.213
68	0.213
69	0.213
70	0.213
71	0.213
72	0.213
73	0.213
74	0.213
75	0.213
76	0.213
77	0.213
78	0.212
79	0.211
80	0.212
81	0.213
82	0.213
83	0.213
84	0.213
85	0.213
86	0.213
87	0.213
88	0.213
89	0.213
90	0.213
91	0.213
92	0.229
93	0.229
94	0.229
95	0.229
96	0.229
97	0.229
98	0.229
99	0.229
100	0.229
101	0.229
102	0.229
103	0.228
104	0.228
105	0.228
106	0.228
107	0.229
108	0.229
109	0.229
110	0.229
111	0.229
112	0.229
113	0.228
114	0.230
115	0.229
116	0.229
117	0.229
118	0.229
119	0.229
120	0.229
121	0.229
122	0.229
123	0.229
124	0.229
125	0.232
126	0.232
127	0.232
128	0.232
129	0.232
130	0.232
131	0.232
132	0.232
133	0.232
134	0.232
135	0.232
136	0.234
137	0.234
138	0.234
139	0.234
140	0.234
141	0.234
142	0.234
143	0.234
144	0.234
145	0.234
146	0.234
147	0.235
148	0.235
149	0.235
150	0.235
151	0.235
152	0.235
153	0.235
154	0.235
155	0.235
156	0.235
157	0.235
158	0.235
159	0.234
160	0.235
161	0.235
162	0.235
163	0.235
164	0.235
165	0.235
166	0.235
167	0.234
168	0.234
169	0.232
170	0.232
171	0.232
172	0.232
173	0.232
174	0.232
175	0.233
176	0.233
177	0.233
178	0.233
179	0.233
180	0.232
181	0.231
182	0.231
183	0.231
184	0.231
185	0.231
186	0.231
187	0.231
188	0.231
189	0.231
190	0.231
191	0.228
192	0.225
193	0.226
194	0.226
195	0.226
196	0.226
197	0.226
198	0.227
199	0.227
200	0.227
201	0.228
202	0.227
203	0.227
204	0.227
205	0.227
206	0.227
207	0.228
208	0.228
209	0.228
210	0.228
211	0.228
212	0.228
213	0.244
214	0.244
215	0.244
216	0.244
217	0.244
218	0.244
219	0.244
220	0.244
221	0.245
222	0.245
223	0.244
224	0.241
225	0.241
226	0.242
227	0.242
228	0.242
229	0.242
230	0.242
231	0.242
232	0.242
233	0.243
234	0.242
235	0.247
236	0.246
237	0.246
238	0.246
239	0.246
240	0.246
241	0.246
242	0.246
243	0.246
244	0.246
245	0.246
246	0.257
247	0.256
248	0.256
249	0.256
250	0.256
251	0.256
252	0.256
253	0.256
254	0.256
255	0.256
256	0.256
257	0.264
258	0.263
259	0.263
260	0.263
261	0.263
262	0.263
263	0.263
264	0.263
265	0.263
266	0.262
267	0.262
268	0.264
269	0.264
270	0.264
271	0.264
272	0.264
273	0.264
274	0.264
275	0.264
276	0.264
277	0.264
278	0.264
279	0.259
280	0.259
281	0.259
282	0.259
283	0.259
284	0.259
285	0.259
286	0.259
287	0.259
288	0.259
289	0.259
290	0.250
291	0.251
292	0.251
293	0.251
294	0.251
295	0.252
296	0.252
297	0.252
298	0.252
299	0.252
300	0.253
301	0.249
302	0.248
303	0.248
304	0.248
305	0.248
306	0.248
307	0.248
308	0.248
309	0.248
310	0.248
311	0.248
312	0.248
313	0.245
314	0.246
315	0.246
316	0.246
317	0.246
318	0.246
319	0.246
320	0.246
321	0.246
322	0.247
323	0.259
324	0.259
325	0.259
326	0.259
327	0.259
328	0.259
329	0.259
330	0.259
331	0.259
332	0.259
333	0.259
334	0.338
335	0.339
336	0.339
337	0.339
338	0.339
339	0.339
340	0.339
341	0.339
342	0.339
343	0.339
344	0.339
345	0.334
346	0.335
347	0.336
348	0.336
349	0.336
350	0.336
351	0.336
352	0.336
353	0.336
354	0.338
355	0.334
356	0.326
357	0.326
358	0.325
359	0.326
360	0.326
361	0.326
362	0.326
363	0.326
364	0.326
365	0.325
366	0.325
367	0.328
368	0.327
369	0.328
370	0.328
371	0.328
372	0.328
373	0.328
374	0.328
375	0.328
376	0.328
377	0.328
378	0.337
379	0.336
380	0.336
381	0.336
382	0.336
383	0.336
384	0.336
385	0.336
386	0.336
387	0.336
388	0.334
389	0.350
390	0.349
391	0.349
392	0.349
393	0.348
394	0.348
395	0.348
396	0.348
397	0.348
398	0.348
399	0.347
400	0.360
401	0.359
402	0.359
403	0.359
404	0.359
405	0.359
406	0.359
407	0.359
408	0.359
409	0.359
410	0.358
411	0.365
412	0.365
413	0.365
414	0.365
415	0.365
416	0.365
417	0.365
418	0.365
419	0.365
420	0.365
421	0.364
422	0.367
423	0.366
424	0.366
425	0.366
426	0.366
427	0.366
428	0.366
429	0.366
430	0.366
431	0.366
432	0.366
433	0.368
434	0.368
435	0.368
436	0.368
437	0.368
438	0.368
439	0.368
440	0.368
441	0.368
442	0.368
443	0.367
444	0.369
445	0.370
446	0.370
447	0.370
448	0.370
449	0.370
450	0.370
451	0.370
452	0.370
453	0.370
454	0.369
455	0.213
456	0.213
457	0.212
458	0.212
459	0.212
460	0.212
461	0.212
462	0.212
463	0.212
464	0.212
465	0.212
466	0.212
467	0.212
468	0.212
469	0.212
470	0.212
471	0.212
472	0.211
473	0.212
474	0.211
475	0.211
476	0.212
477	0.212
478	0.212
479	0.212
480	0.212
481	0.212
482	0.213
483	0.212
484	0.212
485	0.213
486	0.212
487	0.212
488	0.213
489	0.212
490	0.212
491	0.212
492	0.213
493	0.212
494	0.212
495	0.213
496	0.213
497	0.213
498	0.213
499	0.213
500	0.212
501	0.213
502	0.213
503	0.213
504	0.213
505	0.213
506	0.213
507	0.213
508	0.213
509	0.213
510	0.213
511	0.213
512	0.213
513	0.213
514	0.213
515	0.213
516	0.213
517	0.213
518	0.213
519	0.213
