1	0.211
2	0.211
3	0.211
4	0.211
5	0.211
6	0.211
7	0.211
8	0.211
9	0.211
10	0.211
11	0.211
12	0.211
13	0.211
14	0.211
15	0.211
16	0.211
17	0.211
18	0.211
19	0.211
20	0.211
21	0.211
22	0.211
23	0.212
24	0.211
25	0.211
26	0.211
27	0.211
28	0.211
29	0.211
30	0.211
31	0.211
32	0.211
33	0.211
34	0.212
35	0.212
36	0.212
37	0.212
38	0.212
39	0.212
40	0.212
41	0.212
42	0.212
43	0.212
44	0.212
45	0.212
46	0.212
47	0.212
48	0.212
49	0.212
50	0.212
51	0.212
52	0.212
53	0.212
54	0.212
55	0.212
56	0.212
57	0.212
58	0.212
59	0.212
60	0.212
61	0.212
62	0.212
63	0.212
64	0.212
65	0.212
66	0.212
67	0.213
68	0.213
69	0.213
70	0.213
71	0.213
72	0.213
73	0.213
74	0.213
75	0.213
76	0.213
77	0.213
78	0.212
79	0.212
80	0.212
81	0.213
82	0.213
83	0.213
84	0.213
85	0.213
86	0.213
87	0.213
88	0.213
89	0.213
90	0.213
91	0.213
92	0.229
93	0.229
94	0.229
95	0.229
96	0.229
97	0.229
98	0.229
99	0.229
100	0.229
101	0.229
102	0.229
103	0.228
104	0.228
105	0.228
106	0.228
107	0.228
108	0.229
109	0.229
110	0.229
111	0.229
112	0.229
113	0.229
114	0.230
115	0.229
116	0.229
117	0.229
118	0.229
119	0.229
120	0.229
121	0.229
122	0.229
123	0.229
124	0.229
125	0.232
126	0.232
127	0.232
128	0.232
129	0.232
130	0.232
131	0.232
132	0.232
133	0.232
134	0.232
135	0.231
136	0.234
137	0.234
138	0.234
139	0.234
140	0.234
141	0.234
142	0.234
143	0.234
144	0.234
145	0.234
146	0.234
147	0.235
148	0.235
149	0.235
150	0.235
151	0.235
152	0.235
153	0.235
154	0.235
155	0.235
156	0.235
157	0.235
158	0.235
159	0.235
160	0.235
161	0.235
162	0.235
163	0.235
164	0.235
165	0.235
166	0.235
167	0.235
168	0.235
169	0.233
170	0.233
171	0.233
172	0.233
173	0.233
174	0.233
175	0.233
176	0.233
177	0.233
178	0.233
179	0.233
180	0.232
181	0.232
182	0.232
183	0.232
184	0.232
185	0.232
186	0.232
187	0.232
188	0.232
189	0.232
190	0.231
191	0.228
192	0.227
193	0.228
194	0.228
195	0.228
196	0.228
197	0.228
198	0.227
199	0.228
200	0.228
201	0.229
202	0.226
203	0.227
204	0.227
205	0.227
206	0.227
207	0.227
208	0.227
209	0.227
210	0.227
211	0.228
212	0.227
213	0.243
214	0.243
215	0.243
216	0.243
217	0.243
218	0.243
219	0.243
220	0.244
221	0.244
222	0.244
223	0.244
224	0.241
225	0.242
226	0.242
227	0.242
228	0.242
229	0.242
230	0.242
231	0.242
232	0.242
233	0.243
234	0.242
235	0.248
236	0.247
237	0.247
238	0.247
239	0.247
240	0.247
241	0.247
242	0.247
243	0.247
244	0.247
245	0.247
246	0.259
247	0.258
248	0.258
249	0.258
250	0.258
251	0.258
252	0.258
253	0.258
254	0.258
255	0.258
256	0.257
257	0.265
258	0.265
259	0.265
260	0.264
261	0.264
262	0.264
263	0.264
264	0.264
265	0.264
266	0.264
267	0.263
268	0.264
269	0.264
270	0.264
271	0.264
272	0.264
273	0.264
274	0.264
275	0.264
276	0.264
277	0.264
278	0.265
279	0.259
280	0.259
281	0.259
282	0.259
283	0.259
284	0.259
285	0.259
286	0.259
287	0.259
288	0.259
289	0.260
290	0.252
291	0.252
292	0.252
293	0.252
294	0.253
295	0.253
296	0.253
297	0.253
298	0.253
299	0.253
300	0.254
301	0.250
302	0.249
303	0.249
304	0.250
305	0.250
306	0.250
307	0.250
308	0.250
309	0.250
310	0.249
311	0.249
312	0.248
313	0.246
314	0.247
315	0.247
316	0.247
317	0.247
318	0.247
319	0.247
320	0.247
321	0.247
322	0.248
323	0.256
324	0.256
325	0.256
326	0.256
327	0.257
328	0.257
329	0.257
330	0.257
331	0.257
332	0.257
333	0.257
334	0.333
335	0.334
336	0.334
337	0.334
338	0.334
339	0.334
340	0.334
341	0.334
342	0.334
343	0.334
344	0.334
345	0.330
346	0.332
347	0.332
348	0.332
349	0.332
350	0.332
351	0.332
352	0.332
353	0.332
354	0.333
355	0.331
356	0.328
357	0.326
358	0.326
359	0.326
360	0.326
361	0.326
362	0.326
363	0.326
364	0.327
365	0.326
366	0.327
367	0.332
368	0.332
369	0.332
370	0.332
371	0.332
372	0.332
373	0.332
374	0.332
375	0.332
376	0.332
377	0.332
378	0.343
379	0.341
380	0.341
381	0.341
382	0.341
383	0.341
384	0.341
385	0.341
386	0.341
387	0.341
388	0.339
389	0.353
390	0.352
391	0.352
392	0.352
393	0.352
394	0.352
395	0.352
396	0.352
397	0.351
398	0.351
399	0.350
400	0.360
401	0.359
402	0.359
403	0.359
404	0.359
405	0.359
406	0.359
407	0.359
408	0.359
409	0.359
410	0.358
411	0.363
412	0.363
413	0.363
414	0.363
415	0.363
416	0.363
417	0.363
418	0.363
419	0.363
420	0.363
421	0.362
422	0.364
423	0.364
424	0.364
425	0.364
426	0.364
427	0.364
428	0.364
429	0.364
430	0.364
431	0.364
432	0.364
433	0.367
434	0.367
435	0.367
436	0.367
437	0.367
438	0.367
439	0.366
440	0.366
441	0.366
442	0.366
443	0.365
444	0.370
445	0.370
446	0.369
447	0.369
448	0.369
449	0.369
450	0.369
451	0.369
452	0.369
453	0.369
454	0.368
455	0.212
456	0.213
457	0.212
458	0.212
459	0.212
460	0.212
461	0.212
462	0.212
463	0.212
464	0.212
465	0.212
466	0.212
467	0.212
468	0.212
469	0.212
470	0.212
471	0.212
472	0.212
473	0.212
474	0.211
475	0.212
476	0.212
477	0.212
478	0.212
479	0.212
480	0.213
481	0.212
482	0.213
483	0.212
484	0.212
485	0.213
486	0.212
487	0.212
488	0.213
489	0.212
490	0.213
491	0.212
492	0.213
493	0.212
494	0.212
495	0.213
496	0.213
497	0.213
498	0.213
499	0.213
500	0.212
501	0.213
502	0.213
503	0.213
504	0.213
505	0.213
506	0.213
507	0.213
508	0.213
509	0.213
510	0.213
511	0.213
512	0.213
513	0.213
514	0.212
515	0.213
516	0.213
517	0.213
518	0.212
519	0.213
